# Made in Blockbench 5.0.7
mtllib fluorite_crystal.mtl

o cube
v 0.875 0.0625 0.875
v 0.875 0.0625 0.125
v 0.875 0 0.875
v 0.875 0 0.125
v 0.125 0.0625 0.125
v 0.125 0.0625 0.875
v 0.125 0 0.125
v 0.125 0 0.875
vt 0 1
vt 0.5 1
vt 0.5 0.96875
vt 0 0.96875
vt 0 1
vt 0.5 1
vt 0.5 0.96875
vt 0 0.96875
vt 0 1
vt 0.5 1
vt 0.5 0.96875
vt 0 0.96875
vt 0 1
vt 0.5 1
vt 0.5 0.96875
vt 0 0.96875
vt 0 1
vt 0.5 1
vt 0.5 0.5
vt 0 0.5
vt 0 1
vt 0.5 1
vt 0.5 0.5
vt 0 0.5
vn 0 0 -1
vn 1 0 0
vn 0 0 1
vn -1 0 0
vn 0 1 0
vn 0 -1 0
usemtl fluorite_main
f 4/4/1 7/3/1 5/2/1 2/1/1
f 3/8/2 4/7/2 2/6/2 1/5/2
f 8/12/3 3/11/3 1/10/3 6/9/3
f 7/16/4 8/15/4 6/14/4 5/13/4
f 6/20/5 1/19/5 2/18/5 5/17/5
f 7/24/6 4/23/6 3/22/6 8/21/6
o cube
v 0.75 0.125 0.75
v 0.75 0.125 0.25
v 0.75 0.0625 0.75
v 0.75 0.0625 0.25
v 0.25 0.125 0.25
v 0.25 0.125 0.75
v 0.25 0.0625 0.25
v 0.25 0.0625 0.75
vt 0.25 0.96875
vt 0.5 0.96875
vt 0.5 0.9375
vt 0.25 0.9375
vt 0 0.75
vt 0.25 0.75
vt 0.25 0.71875
vt 0 0.71875
vt 0.25 1
vt 0.5 1
vt 0.5 0.96875
vt 0.25 0.96875
vt 0 0.71875
vt 0.25 0.71875
vt 0.25 0.6875
vt 0 0.6875
vt 0.5 0.6875
vt 0.25 0.6875
vt 0.25 0.9375
vt 0.5 0.9375
vt 0.25 1
vt 0 1
vt 0 0.75
vt 0.25 0.75
vn 0 0 -1
vn 1 0 0
vn 0 0 1
vn -1 0 0
vn 0 1 0
vn 0 -1 0
usemtl fluorite_main
f 12/28/7 15/27/7 13/26/7 10/25/7
f 11/32/8 12/31/8 10/30/8 9/29/8
f 16/36/9 11/35/9 9/34/9 14/33/9
f 15/40/10 16/39/10 14/38/10 13/37/10
f 14/44/11 9/43/11 10/42/11 13/41/11
f 15/48/12 12/47/12 11/46/12 16/45/12
o cube
v 0.453546311715292 0.242169457419338 0.829013960075992
v 0.437185631417058 0.327608369888527 0.739250268216414
v 0.565922810931072 0.0414573546855553 0.617489908866233
v 0.549562130632839 0.126896267154744 0.527726217006654
v 0.321700689853147 0.284254748048228 0.719034142343527
v 0.338061370151381 0.198815835579039 0.808797834203105
v 0.434077189068928 0.0835426453144447 0.507510091133767
v 0.450437869367161 -0.00189626715474388 0.597273782993346
vt 0.3125 1
vt 0.375 1
vt 0.375 0.84375
vt 0.3125 0.84375
vt 0.25 1
vt 0.3125 1
vt 0.3125 0.84375
vt 0.25 0.84375
vt 0.375 1
vt 0.4375 1
vt 0.4375 0.84375
vt 0.375 0.84375
vt 0.4375 0.9375
vt 0.5 0.9375
vt 0.5 0.78125
vt 0.4375 0.78125
vt 0.5 0.9375
vt 0.4375 0.9375
vt 0.4375 1
vt 0.5 1
vt 0.4375 0.84375
vt 0.375 0.84375
vt 0.375 0.78125
vt 0.4375 0.78125
vn -0.13088544238586738 0.6835112997535083 -0.7181095348766269
vn 0.923879532511287 0.34682897472239366 0.16172900698309883
vn 0.13088544238586738 -0.6835112997535083 0.7181095348766269
vn -0.923879532511287 -0.34682897472239366 -0.16172900698309883
vn -0.35960479749049756 0.6422787287481059 0.6768769638712308
vn 0.35960479749049756 -0.6422787287481059 -0.6768769638712308
usemtl fluorite_main
f 20/52/13 23/51/13 21/50/13 18/49/13
f 19/56/14 20/55/14 18/54/14 17/53/14
f 24/60/15 19/59/15 17/58/15 22/57/15
f 23/64/16 24/63/16 22/62/16 21/61/16
f 22/68/17 17/67/17 18/66/17 21/65/17
f 23/72/18 20/71/18 19/70/18 24/69/18
o cube
v 0.5625 0.5625 0.5
v 0.5625 0.5625 0.375
v 0.5625 0.125 0.5
v 0.5625 0.125 0.375
v 0.4375 0.5625 0.375
v 0.4375 0.5625 0.5
v 0.4375 0.125 0.375
v 0.4375 0.125 0.5
vt 0.375 1
vt 0.4375 1
vt 0.4375 0.78125
vt 0.375 0.78125
vt 0.3125 1
vt 0.375 1
vt 0.375 0.78125
vt 0.3125 0.78125
vt 0.25 1
vt 0.3125 1
vt 0.3125 0.78125
vt 0.25 0.78125
vt 0.4375 1
vt 0.5 1
vt 0.5 0.78125
vt 0.4375 0.78125
vt 0.4375 0.71875
vt 0.375 0.71875
vt 0.375 0.78125
vt 0.4375 0.78125
vt 0.5 0.78125
vt 0.4375 0.78125
vt 0.4375 0.71875
vt 0.5 0.71875
vn 0 0 -1
vn 1 0 0
vn 0 0 1
vn -1 0 0
vn 0 1 0
vn 0 -1 0
usemtl fluorite_main
f 28/76/19 31/75/19 29/74/19 26/73/19
f 27/80/20 28/79/20 26/78/20 25/77/20
f 32/84/21 27/83/21 25/82/21 30/81/21
f 31/88/22 32/87/22 30/86/22 29/85/22
f 30/92/23 25/91/23 26/90/23 29/89/23
f 31/96/24 28/95/24 27/94/24 32/93/24
o cube
v 0.492184640515242 0.377688113190865 0.702872482041516
v 0.49918697729047 0.383871923639231 0.578222059787819
v 0.557517332057382 0.0723094778149531 0.691393001573952
v 0.56451966883261 0.0784932882633182 0.566742579320255
v 0.377149976400478 0.358069157560959 0.570086478893612
v 0.370147639625251 0.351885347112594 0.694736901147309
v 0.442482667942618 0.0526905221850469 0.558606998426048
v 0.43548033116739 0.0465067117366818 0.683257420679745
vt 0.375 0.78125
vt 0.4375 0.78125
vt 0.4375 0.625
vt 0.375 0.625
vt 0.375 1
vt 0.4375 1
vt 0.4375 0.84375
vt 0.375 0.84375
vt 0.4375 0.78125
vt 0.5 0.78125
vt 0.5 0.625
vt 0.4375 0.625
vt 0.4375 0.9375
vt 0.5 0.9375
vt 0.5 0.78125
vt 0.4375 0.78125
vt 0.5 0.9375
vt 0.4375 0.9375
vt 0.4375 1
vt 0.5 1
vt 0.4375 0.84375
vt 0.375 0.84375
vt 0.375 0.78125
vt 0.4375 0.78125
vn 0.056018694201818285 0.04947048358692052 -0.997203378029577
vn 0.9762960071199337 0.20642212862616996 0.06508464715365304
vn -0.056018694201818285 -0.04947048358692052 0.997203378029577
vn -0.9762960071199337 -0.20642212862616996 -0.06508464715365304
vn -0.20906461293484788 0.9772116332029196 0.03673433749620491
vn 0.20906461293484788 -0.9772116332029196 -0.03673433749620491
usemtl fluorite_main
f 36/100/25 39/99/25 37/98/25 34/97/25
f 35/104/26 36/103/26 34/102/26 33/101/26
f 40/108/27 35/107/27 33/106/27 38/105/27
f 39/112/28 40/111/28 38/110/28 37/109/28
f 38/116/29 33/115/29 34/114/29 37/113/29
f 39/120/30 36/119/30 35/118/30 40/117/30
o cube
v 0.313654783457984 0.949959433372135 0.52048076085327
v 0.332371470503996 0.923229234074557 0.272619545509818
v 0.629855083695893 0.0753436972032674 0.638679467171257
v 0.648571770741906 0.0486134979056891 0.390818251827804
v 0.0977658232486154 0.837270749909938 0.264173879402002
v 0.0790491362026032 0.864000949207516 0.512035094745455
v 0.413966123486525 -0.0373449862589296 0.382372585719989
v 0.395249436440512 -0.0106147869613513 0.630233801063442
vt 0 1
vt 0.125 1
vt 0.125 0.53125
vt 0 0.53125
vt 0.375 1
vt 0.5 1
vt 0.5 0.53125
vt 0.375 0.53125
vt 0.25 1
vt 0.375 1
vt 0.375 0.53125
vt 0.25 0.53125
vt 0.125 1
vt 0.25 1
vt 0.25 0.53125
vt 0.125 0.53125
vt 0.5 0.53125
vt 0.375 0.53125
vt 0.375 0.65625
vt 0.5 0.65625
vt 0.5 0.65625
vt 0.375 0.65625
vt 0.375 0.53125
vt 0.5 0.53125
vn 0.07486674818404879 -0.10692079719031317 -0.9914448613738104
vn 0.9384225890215243 0.3438339366584748 0.03378266443126129
vn -0.07486674818404879 0.10692079719031317 0.9914448613738104
vn -0.9384225890215243 -0.3438339366584748 -0.03378266443126129
vn -0.33728032025376986 0.932923451913459 -0.12607862007251922
vn 0.33728032025376986 -0.932923451913459 0.12607862007251922
usemtl fluorite_main
f 44/124/31 47/123/31 45/122/31 42/121/31
f 43/128/32 44/127/32 42/126/32 41/125/32
f 48/132/33 43/131/33 41/130/33 46/129/33
f 47/136/34 48/135/34 46/134/34 45/133/34
f 46/140/35 41/139/35 42/138/35 45/137/35
f 47/144/36 44/143/36 43/142/36 48/141/36
o cube
v 0.817021388030245 0.579906924708535 0.770543460085498
v 0.818791568660539 0.62824622476195 0.589390407307241
v 0.681875380914791 -0.00934666207380043 0.611985056886857
v 0.683645561545086 0.0389926379796143 0.4308320041086
v 0.574717566880556 0.681073507479537 0.60110193392766
v 0.572947386250261 0.632734207426122 0.782254986705917
v 0.439571559765102 0.0918199206972018 0.442543530729019
v 0.437801379134808 0.043480620643787 0.623696583507276
vt 0.0625 1
vt 0.1875 1
vt 0.1875 0.6875
vt 0.0625 0.6875
vt 0.28125 1
vt 0.375 1
vt 0.375 0.6875
vt 0.28125 0.6875
vt 0.375 1
vt 0.5 1
vt 0.5 0.6875
vt 0.375 0.6875
vt 0.1875 1
vt 0.28125 1
vt 0.28125 0.6875
vt 0.1875 0.6875
vt 0.5 0.59375
vt 0.375 0.59375
vt 0.375 0.6875
vt 0.5 0.6875
vt 0.1875 0.6875
vt 0.0625 0.6875
vt 0.0625 0.59375
vt 0.1875 0.59375
vn 0.009440963361569778 0.25780960028487887 -0.9661496148173722
vn 0.9762960071199334 -0.21130913087034975 -0.04684610648167495
vn -0.009440963361569778 -0.25780960028487887 0.9661496148173722
vn -0.9762960071199334 0.21130913087034975 0.04684610648167495
vn 0.21623361138472563 0.9428057388517365 0.2536934451178254
vn -0.21623361138472563 -0.9428057388517365 -0.2536934451178254
usemtl fluorite_main
f 52/148/37 55/147/37 53/146/37 50/145/37
f 51/152/38 52/151/38 50/150/38 49/149/38
f 56/156/39 51/155/39 49/154/39 54/153/39
f 55/160/40 56/159/40 54/158/40 53/157/40
f 54/164/41 49/163/41 50/162/41 53/161/41
f 55/168/42 52/167/42 51/166/42 56/165/42
o cube
v 0.807233968197727 0.621232966217454 0.37630779633573
v 0.778465186326131 0.52999004716318 0.145337913207908
v 0.633599009779326 0.0705332345891032 0.615484941563911
v 0.60483022790773 -0.0207096844651715 0.384515058436089
v 0.599643258060838 0.586372384570231 0.145337913207908
v 0.628412039932434 0.677615303624506 0.37630779633573
v 0.426008299642438 0.0356726529418797 0.384515058436089
v 0.454777081514034 0.126915571996154 0.615484941563911
vt 0.40625 0.9375
vt 0.5 0.9375
vt 0.5 0.625
vt 0.40625 0.625
vt 0.0625 0.9375
vt 0.1875 0.9375
vt 0.1875 0.625
vt 0.0625 0.625
vt 0.3125 0.9375
vt 0.40625 0.9375
vt 0.40625 0.625
vt 0.3125 0.625
vt 0.1875 0.9375
vt 0.3125 0.9375
vt 0.3125 0.625
vt 0.1875 0.625
vt 0.40625 0.5
vt 0.3125 0.5
vt 0.3125 0.625
vt 0.40625 0.625
vt 0.5 0.625
vt 0.40625 0.625
vt 0.40625 0.5
vt 0.5 0.5
vn -0.11507512748638371 -0.3649716762170987 -0.9238795325112868
vn 0.9537169507482269 -0.300705799504273 -1.3877787807814457e-17
vn 0.11507512748638371 0.3649716762170987 0.9238795325112868
vn -0.9537169507482269 0.300705799504273 1.3877787807814457e-17
vn 0.27781593346944056 0.881119570605362 -0.3826834323650898
vn -0.27781593346944056 -0.881119570605362 0.3826834323650898
usemtl fluorite_main
f 60/172/43 63/171/43 61/170/43 58/169/43
f 59/176/44 60/175/44 58/174/44 57/173/44
f 64/180/45 59/179/45 57/178/45 62/177/45
f 63/184/46 64/183/46 62/182/46 61/181/46
f 62/188/47 57/187/47 58/186/47 61/185/47
f 63/192/48 60/191/48 59/190/48 64/189/48
o cube
v 0.492064281455823 0.243386332516944 0.167896756177235
v 0.37178300809344 0.211157062454907 0.178791224020693
v 0.567858400590736 0.0349294281649003 0.388026764428099
v 0.447577127228354 0.00270015810286267 0.398921232271557
v 0.356347480274351 0.298527476187144 0.266843227321037
v 0.476628753636733 0.330756746249182 0.25594875947758
v 0.432141599409264 0.0900705718350997 0.486973235571901
v 0.552422872771646 0.122299841897137 0.476078767728443
vt 0.4375 1
vt 0.5 1
vt 0.5 0.84375
vt 0.4375 0.84375
vt 0.4375 1
vt 0.5 1
vt 0.5 0.84375
vt 0.4375 0.84375
vt 0.4375 1
vt 0.5 1
vt 0.5 0.84375
vt 0.4375 0.84375
vt 0.4375 1
vt 0.5 1
vt 0.5 0.84375
vt 0.4375 0.84375
vt 0.5 0.84375
vt 0.4375 0.84375
vt 0.4375 0.90625
vt 0.5 0.90625
vt 0.5 0.90625
vt 0.4375 0.90625
vt 0.4375 0.84375
vt 0.5 0.84375
vn -0.9622501868990576 -0.25783416049630054 0.08715574274766184
vn 0.12348422255271814 -0.6989633098578967 -0.7044160264027537
vn 0.9622501868990576 0.25783416049630054 -0.08715574274766184
vn -0.12348422255271814 0.6989633098578967 0.7044160264027537
vn -0.24254118123172302 0.6670620939265415 -0.7044160264027632
vn 0.24254118123172302 -0.6670620939265415 0.7044160264027632
usemtl fluorite_main
f 68/196/49 71/195/49 69/194/49 66/193/49
f 67/200/50 68/199/50 66/198/50 65/197/50
f 72/204/51 67/203/51 65/202/51 70/201/51
f 71/208/52 72/207/52 70/206/52 69/205/52
f 70/212/53 65/211/53 66/210/53 69/209/53
f 71/216/54 68/215/54 67/214/54 72/213/54
o cube
v 0.838496920657573 0.219702983022687 0.433165602867437
v 0.817701211239722 0.194919621613419 0.312424874581303
v 0.683275632403861 0.0347174550992254 0.497870364143067
v 0.662479922986011 0.00993409368995717 0.377129635856933
v 0.72194565584985 0.275268072824237 0.312424874581303
v 0.7427413652677 0.300051434233505 0.433165602867437
v 0.566724367596139 0.0902825449007746 0.377129635856933
v 0.587520077013989 0.115065906310043 0.497870364143067
vt 0.125 0.6875
vt 0.1875 0.6875
vt 0.1875 0.5625
vt 0.125 0.5625
vt 0.1875 0.6875
vt 0.25 0.6875
vt 0.25 0.5625
vt 0.1875 0.5625
vt 0.0625 0.6875
vt 0.125 0.6875
vt 0.125 0.5625
vt 0.0625 0.5625
vt 0 0.6875
vt 0.0625 0.6875
vt 0.0625 0.5625
vt 0 0.5625
vt 0.0625 0.5
vt 0 0.5
vt 0 0.5625
vt 0.0625 0.5625
vt 0.1875 0.75
vt 0.125 0.75
vt 0.125 0.6875
vt 0.1875 0.6875
vn -0.16636567534280192 -0.1982668912741462 -0.9659258262890684
vn 0.7660444431189781 -0.6427876096865393 -2.7755575615628914e-17
vn 0.16636567534280192 0.1982668912741462 0.9659258262890684
vn -0.7660444431189781 0.6427876096865393 2.7755575615628914e-17
vn 0.6208851530148455 0.7399421116938482 -0.25881904510252074
vn -0.6208851530148455 -0.7399421116938482 0.25881904510252074
usemtl fluorite_main
f 76/220/55 79/219/55 77/218/55 74/217/55
f 75/224/56 76/223/56 74/222/56 73/221/56
f 80/228/57 75/227/57 73/226/57 78/225/57
f 79/232/58 80/231/58 78/230/58 77/229/58
f 78/236/59 73/235/59 74/234/59 77/233/59
f 79/240/60 76/239/60 75/238/60 80/237/60
